Total time taken for sequential= 35.904248

4.283852 0.119361 236.036148 18.139344 37.008197 7.327869 17.057377 
2.841884 0.149350 240.148159 12.117690 0.000000 29.877256 0.028881 
5.779077 0.133923 234.889615 24.692308 10.846154 69.153846 10.923077 
4.598731 0.194301 234.033011 19.733333 0.021505 0.580645 14.752688 
1.591707 0.102957 243.059384 6.517351 0.000933 0.323694 18.051306 
0.756364 0.104759 243.484347 3.256161 0.000000 0.501548 0.016409 
1.788031 0.117660 238.974071 7.473571 0.195238 0.511905 17.473810 
3.919323 0.146062 237.098154 16.629231 0.869231 33.915385 17.230769 
3.249638 0.145348 236.312431 13.744137 0.088656 0.468065 17.092469 

Total time taken for centroid centric= 35.743767
4.28385 0.119361 236.036 18.1393 37.0082 7.32787 17.0574 
2.84188 0.14935 240.148 12.1177 0 29.8773 0.0288809 
5.77908 0.133923 234.89 24.6923 10.8462 69.1538 10.9231 
4.59873 0.194301 234.033 19.7333 0.0215054 0.580645 14.7527 
1.59171 0.102957 243.059 6.51736 0.000932836 0.323694 18.0513 
0.756364 0.104759 243.484 3.25616 0 0.501548 0.0164087 
1.78803 0.117659 238.974 7.47357 0.195238 0.511905 17.4738 
3.91932 0.146062 237.098 16.6292 0.869231 33.9154 17.2308 
3.24964 0.145348 236.312 13.7441 0.0886559 0.468065 17.0925 

Total time taken for blocking= 51.641661
4.28385 0.119361 236.036 18.1393 37.0082 7.32787 17.0574 
2.84188 0.14935 240.148 12.1177 0 29.8773 0.0288809 
5.77908 0.133923 234.89 24.6923 10.8462 69.1538 10.9231 
4.59873 0.194301 234.033 19.7333 0.0215054 0.580645 14.7527 
1.59171 0.102957 243.059 6.51736 0.000932836 0.323694 18.0513 
0.756364 0.104759 243.484 3.25616 0 0.501548 0.0164087 
1.78803 0.117659 238.974 7.47357 0.195238 0.511905 17.4738 
3.91932 0.146062 237.098 16.6292 0.869231 33.9154 17.2308 
3.24964 0.145348 236.312 13.7441 0.0886559 0.468065 17.0925 

Total time taken for threaded= 23.817396
4.283854 0.119361 236.036179 18.139341 37.008198 7.327869 17.057377 
2.841883 0.149350 240.148102 12.117694 0.000000 29.877256 0.028881 
5.779078 0.133923 234.889618 24.692305 10.846154 69.153847 10.923077 
4.598731 0.194301 234.032990 19.733332 0.021505 0.580645 14.752688 
1.591706 0.102957 243.059265 6.517361 0.000933 0.323694 18.051306 
0.756364 0.104759 243.484131 3.256157 0.000000 0.501548 0.016409 
1.788032 0.117659 238.974197 7.473574 0.195238 0.511905 17.473810 
3.919324 0.146062 237.098175 16.629234 0.869231 33.915386 17.230770 
3.249638 0.145348 236.312347 13.744142 0.088656 0.468065 17.092468 
0.000000 0.000000 0.000000 0.000000 0.000000 0.000000 0.000000 


